2139.2647 -0.4500
2139.2669 -0.4500
2140.2062 -0.4470
2140.2032 -0.4290
2141.2330 -0.4420
2141.2347 -0.4410
2143.2523 -0.4550
2145.1815 -0.4460
2149.2204 -0.4840
2149.2222 -0.4810
2149.2243 -0.4050
2163.1886 -0.4480
2163.1906 -0.4530
2164.2091 -0.4700
2164.2109 -0.4380
2166.1724 -0.4550
2166.1747 -0.4560
2167.1840 -0.4530
2167.1858 -0.4520
2168.1565 -0.4360
2168.1584 -0.4560
2169.1449 -0.4590
2169.1467 -0.4670
2170.1451 -0.4580
2170.1469 -0.4650
2173.1422 -0.4680
2173.1440 -0.4410
2184.1504 -0.4350
2184.1523 -0.4100
2185.2088 -0.4230
2185.2109 -0.4550
2186.1756 -0.4220
2186.1774 -0.4490
2187.1495 -0.4460
2187.1513 -0.3980
2189.1536 -0.4530
2189.1555 -0.4540
2190.1525 -0.4710
2190.1545 -0.4310
2195.1282 -0.4380
2195.1303 -0.4410
2435.3728 -0.4630
2435.3746 -0.4490
2440.3420 -0.4780
2440.3438 -0.4840
2442.3944 -0.4720
2442.4000 -0.4840
2443.3733 -0.4400
2443.3751 -0.4470
2444.3620 -0.4910
2444.3638 -0.4810
2445.4056 -0.4860
2445.4074 -0.4920
2446.3840 -0.4990
2446.3859 -0.4940
2450.3972 -0.5570
2450.3991 -0.5340
2452.3827 -0.4310
2452.3844 -0.4820
2454.3441 -0.4760
2454.3459 -0.4730
2455.2908 -0.4850
2455.2925 -0.4890
2456.4354 -0.4560
2456.4371 -0.4720
2458.3617 -0.4560
2458.3634 -0.4740
2459.3574 -0.4850
2459.3591 -0.4650
2460.3676 -0.4610
2460.3693 -0.4560
2461.3164 -0.4680
2461.3181 -0.4900
2462.2720 -0.4810
2462.2737 -0.4810
2463.2789 -0.4320
2463.2806 -0.4340
2464.3129 -0.4690
2464.3146 -0.4900
2465.2927 -0.5190
2465.2944 -0.4790
2466.3173 -0.4960
2466.3190 -0.4810
2467.3017 -0.4980
2467.3034 -0.5090
2468.2971 -0.4960
2468.2989 -0.4840
2469.3162 -0.5010
2469.3180 -0.4750
2470.2975 -0.4790
2470.2992 -0.4790
2471.3309 -0.4900
2471.3327 -0.4870
2472.3478 -0.4850
2472.3496 -0.4770
2474.3566 -0.4770
2474.3584 -0.4940
2476.3345 -0.4410
2476.3364 -0.4310
2477.3204 -0.3850
2477.3222 -0.5550
2478.2701 -0.4460
2478.2720 -0.5180
2480.2883 -0.4970
2480.2900 -0.4780
2481.3564 -0.4570
2481.3581 -0.4940
2482.2605 -0.4670
2482.2622 -0.4970
2483.2110 -0.5020
2483.2127 -0.4750
2485.2775 -0.4750
2485.2792 -0.4730
2486.2577 -0.4320
2486.2594 -0.4260
2488.2691 -0.4780
2489.2295 -0.4420
2489.2313 -0.5150
2490.2488 -0.4850
2491.2335 -0.4830
2491.2352 -0.4890
2493.2242 -0.4990
2494.2120 -0.4860
2494.2138 -0.4700
2495.1663 -0.4970
2495.1680 -0.4660
2496.2179 -0.4600
2496.2196 -0.4620
2497.2273 -0.4180
2497.2291 -0.4780
2501.2149 -0.4240
2501.2166 -0.4850
2502.2150 -0.4720
2502.2167 -0.4760
2505.2232 -0.4300
2505.2250 -0.4690
2507.2318 -0.4680
2507.2335 -0.4480
2508.2318 -0.4780
2508.2336 -0.4660
2509.2110 -0.5030
2509.2127 -0.5070
2510.2073 -0.4440
2510.2090 -0.4870
2511.2207 -0.5180
2512.2179 -0.4770
2512.2196 -0.4920
2549.1357 -0.4300
2549.1374 -0.4360
2551.1250 -0.4530
2551.1267 -0.4510
2755.4957 -0.4270
2755.4974 -0.4400
2757.4767 -0.4680
2757.4784 -0.4650
2765.4667 -0.4820
2765.4684 -0.4720
2768.4527 -0.4690
2768.4544 -0.4640
2781.4749 -0.4560
2781.4766 -0.4450
2782.4050 -0.4660
2782.4067 -0.4820
2783.4234 -0.4570
2783.4252 -0.4790
2787.4065 -0.4730
2787.4082 -0.4730
2792.4193 -0.4670
2792.4210 -0.4480
2794.4236 -0.4700
2794.4253 -0.4460
2798.9215 -0.4560
2798.9232 -0.4590
2799.4023 -0.4440
2799.4040 -0.4500
2800.3116 -0.4480
2800.3133 -0.4640
2801.3601 -0.4620
2801.3618 -0.4730
2806.3479 -0.4240
2806.3496 -0.5280
2807.3739 -0.4520
2807.3756 -0.4630
2808.3538 -0.4750
2808.3556 -0.4750
2809.3424 -0.4770
2809.3441 -0.4900
2852.2237 -0.4680
2852.2261 -0.4820
2877.2058 -0.4680
2877.2075 -0.4700
2884.1957 -0.4430
2884.1974 -0.4500