2139.2647 0.4550
2139.2669 0.4560
2140.2062 0.4550
2140.2032 0.4630
2141.2330 0.4650
2141.2347 0.4600
2143.2523 0.4440
2145.1815 0.4460
2149.2204 0.4250
2149.2222 0.4310
2149.2243 0.4730
2163.1886 0.4570
2163.1906 0.4600
2164.2091 0.4550
2164.2109 0.4700
2166.1724 0.4600
2166.1747 0.4510
2167.1840 0.4420
2167.1858 0.4450
2168.1565 0.4480
2168.1584 0.4380
2169.1449 0.4390
2169.1467 0.4390
2170.1451 0.4420
2170.1469 0.4410
2173.1422 0.4490
2173.1440 0.4670
2184.1504 0.4630
2184.1523 0.4820
2185.2088 0.4870
2185.2109 0.4780
2186.1756 0.4740
2186.1774 0.4500
2187.1495 0.4550
2187.1513 0.4830
2189.1536 0.4450
2189.1555 0.4440
2190.1525 0.4310
2190.1545 0.4570
2195.1282 0.4550
2195.1303 0.4580
2435.3728 0.4520
2435.3746 0.4570
2440.3420 0.4490
2440.3438 0.4490
2442.3944 0.4510
2442.4000 0.4460
2443.3733 0.4530
2443.3751 0.4490
2444.3620 0.4160
2444.3638 0.4280
2445.4056 0.4260
2445.4074 0.4260
2446.3840 0.4310
2446.3859 0.4350
2450.3972 0.3990
2450.3991 0.3860
2452.3827 0.4560
2452.3844 0.4220
2454.3441 0.4270
2454.3459 0.4240
2455.2908 0.4280
2455.2925 0.4100
2456.4354 0.4480
2456.4371 0.4440
2458.3617 0.4490
2458.3634 0.4320
2459.3574 0.4380
2459.3591 0.4520
2460.3676 0.4520
2460.3693 0.4540
2461.3164 0.4520
2461.3181 0.4440
2462.2720 0.4570
2462.2737 0.4560
2463.2789 0.4770
2463.2806 0.4710
2464.3129 0.4680
2464.3146 0.4520
2465.2927 0.4370
2465.2944 0.4520
2466.3173 0.4330
2466.3190 0.4440
2467.3017 0.4390
2467.3034 0.4230
2468.2971 0.4300
2468.2989 0.4410
2469.3162 0.4290
2469.3180 0.4440
2470.2975 0.4390
2470.2992 0.4360
2471.3309 0.4300
2471.3327 0.4300
2472.3478 0.4360
2472.3496 0.4430
2474.3566 0.4380
2474.3584 0.4190
2476.3345 0.4600
2476.3364 0.4600
2477.3204 0.4740
2477.3222 0.3800
2478.2701 0.4540
2478.2720 0.4270
2480.2883 0.4400
2480.2900 0.4280
2481.3564 0.4370
2481.3581 0.4260
2482.2605 0.4280
2482.2622 0.4190
2483.2110 0.4190
2483.2127 0.4370
2485.2775 0.4520
2485.2792 0.4550
2486.2577 0.4610
2486.2594 0.4770
2488.2691 0.4530
2489.2295 0.4740
2489.2313 0.4470
2490.2488 0.4530
2491.2335 0.4480
2491.2352 0.4380
2493.2242 0.4300
2494.2120 0.4380
2494.2138 0.4430
2495.1663 0.4370
2495.1680 0.4420
2496.2179 0.4520
2496.2196 0.4580
2497.2273 0.4610
2497.2291 0.4500
2501.2149 0.4800
2501.2166 0.4530
2502.2150 0.4300
2502.2167 0.4290
2505.2232 0.4480
2505.2250 0.4620
2507.2318 0.4440
2507.2335 0.4490
2508.2318 0.4340
2508.2336 0.4450
2509.2110 0.4140
2509.2127 0.4260
2510.2073 0.4580
2510.2090 0.4400
2511.2207 0.4320
2512.2179 0.4370
2512.2196 0.4240
2549.1357 0.4750
2549.1374 0.4780
2551.1250 0.4450
2551.1267 0.4530
2755.4957 0.4450
2755.4974 0.4360
2757.4767 0.4250
2757.4784 0.4300
2765.4667 0.4290
2765.4684 0.4320
2768.4527 0.4290
2768.4544 0.4280
2781.4749 0.4360
2781.4766 0.4260
2782.4050 0.4400
2782.4067 0.4300
2783.4234 0.4370
2783.4252 0.4240
2787.4065 0.4270
2787.4082 0.4280
2792.4193 0.4290
2792.4210 0.4300
2794.4236 0.4350
2794.4253 0.4380
2798.9215 0.4430
2798.9232 0.4420
2799.4023 0.4450
2799.4040 0.4460
2800.3116 0.4430
2800.3133 0.4270
2801.3601 0.4320
2801.3618 0.4290
2806.3479 0.4540
2806.3496 0.4000
2807.3739 0.4410
2807.3756 0.4360
2808.3538 0.4230
2808.3556 0.4220
2809.3424 0.4230
2809.3441 0.4210
2852.2237 0.4350
2852.2261 0.4250
2877.2058 0.4420
2877.2075 0.4360
2884.1957 0.4580
2884.1974 0.4490
